(0 => (48|60 => Pixel_t'("00","01","00"), 27|61|75 => Pixel_t'("01","01","00"), 26|49|59|76 => Pixel_t'("01","01","01"), 28|29|30|31|32|33|34|35|36|37|38|39|40|41|42|43|44|45|46|47|62|63|64|65|66|67|68|69|70|71|72|73|74 => Pixel_t'("01","10","01"), 25 => Pixel_t'("10","10","11"), 50|77 => Pixel_t'("10","11","11"), 0|1|2|3|4|5|6|7|8|9|10|11|12|13|14|15|16|17|18|19|20|21|22|23|24|51|52|53|54|55|56|57|58|78|79|80|81|82|83|84|85|86|87|88|89|90|91|92|93|94|95|96|97|98|99 => Pixel_t'("11","11","11")),
1 => (25|58 => Pixel_t'("00","01","00"), 77 => Pixel_t'("00","01","01"), 59 => Pixel_t'("01","01","00"), 26|49|50|76 => Pixel_t'("01","01","01"), 27|28|29|30|31|32|33|34|35|36|37|38|39|40|41|42|43|44|45|46|47|48|60|61|62|63|64|65|66|67|68|69|70|71|72|73|74|75 => Pixel_t'("01","10","01"), 57 => Pixel_t'("01","10","10"), 24|51 => Pixel_t'("10","10","10"), 78 => Pixel_t'("10","10","11"), 0|1|2|3|4|5|6|7|8|9|10|11|12|13|14|15|16|17|18|19|20|21|22|23|52|53|54|55|56|79|80|81|82|83|84|85|86|87|88|89|90|91|92|93|94|95|96|97|98|99 => Pixel_t'("11","11","11")),
2 => (24|51 => Pixel_t'("00","01","00"), 52|56|57|77|78 => Pixel_t'("01","01","01"), 25|26|27|28|29|30|31|32|33|34|35|36|37|38|39|40|41|42|43|44|45|46|47|48|49|50|58|59|60|61|62|63|64|65|66|67|68|69|70|71|72|73|74|75|76 => Pixel_t'("01","10","01"), 23|55 => Pixel_t'("10","10","10"), 79 => Pixel_t'("10","11","11"), 0|1|2|3|4|5|6|7|8|9|10|11|12|13|14|15|16|17|18|19|20|21|22|53|54|80|81|82|83|84|85|86|87|88|89|90|91|92|93|94|95|96|97|98|99 => Pixel_t'("11","11","11")),
3 => (23|55 => Pixel_t'("00","01","00"), 52 => Pixel_t'("01","01","00"), 53|54|78|79 => Pixel_t'("01","01","01"), 24|25|26|27|28|29|30|31|32|33|34|35|36|37|38|39|40|41|42|43|44|45|46|47|48|49|50|51|56|57|58|59|60|61|62|63|64|65|66|67|68|69|70|71|72|73|74|75|76|77 => Pixel_t'("01","10","01"), 22 => Pixel_t'("10","10","10"), 0|1|2|3|4|5|6|7|8|9|10|11|12|13|14|15|16|17|18|19|20|21|80|81|82|83|84|85|86|87|88|89|90|91|92|93|94|95|96|97|98|99 => Pixel_t'("11","11","11")),
4 => (22|53|54 => Pixel_t'("00","01","00"), 79 => Pixel_t'("01","01","00"), 23|24|25|26|27|28|29|30|31|32|33|34|35|36|37|38|39|40|41|42|43|44|45|46|47|48|49|50|51|52|55|56|57|58|59|60|61|62|63|64|65|66|67|68|69|70|71|72|73|74|75|76|77|78 => Pixel_t'("01","10","01"), 80 => Pixel_t'("01","10","10"), 21 => Pixel_t'("10","10","10"), 0|1|2|3|4|5|6|7|8|9|10|11|12|13|14|15|16|17|18|19|20|81|82|83|84|85|86|87|88|89|90|91|92|93|94|95|96|97|98|99 => Pixel_t'("11","11","11")),
5 => (21|54|80 => Pixel_t'("00","01","00"), 22|23|24|25|26|27|28|29|30|31|32|33|34|35|36|37|38|39|40|41|42|43|44|45|46|47|48|49|50|51|52|53|55|56|57|58|59|60|61|62|63|64|65|66|67|68|69|70|71|72|73|74|75|76|77|78|79 => Pixel_t'("01","10","01"), 20|81 => Pixel_t'("10","11","11"), 0|1|2|3|4|5|6|7|8|9|10|11|12|13|14|15|16|17|18|19|82|83|84|85|86|87|88|89|90|91|92|93|94|95|96|97|98|99 => Pixel_t'("11","11","11")),
6 => (55 => Pixel_t'("01","01","00"), 20|21|54|80 => Pixel_t'("01","01","01"), 81 => Pixel_t'("01","01","10"), 22|23|24|25|26|27|28|29|30|31|32|33|34|35|36|37|38|39|40|41|42|43|44|45|46|47|48|49|50|51|52|53|56|57|58|59|60|61|62|63|64|65|66|67|68|69|70|71|72|73|74|75|76|77|78|79 => Pixel_t'("01","10","01"), 0|1|2|3|4|5|6|7|8|9|10|11|12|13|14|15|16|17|18|19|82|83|84|85|86|87|88|89|90|91|92|93|94|95|96|97|98|99 => Pixel_t'("11","11","11")),
7 => (55 => Pixel_t'("00","01","00"), 20 => Pixel_t'("01","01","00"), 19|81 => Pixel_t'("01","01","01"), 21|22|23|24|25|26|27|28|29|30|31|32|33|34|35|36|37|38|39|40|41|42|43|44|45|46|47|48|49|50|51|52|53|54|56|57|58|59|60|61|62|63|64|65|66|67|68|69|70|71|72|73|74|75|76|77|78|79|80 => Pixel_t'("01","10","01"), 0|1|2|3|4|5|6|7|8|9|10|11|12|13|14|15|16|17|18|82|83|84|85|86|87|88|89|90|91|92|93|94|95|96|97|98|99 => Pixel_t'("11","11","11")),
8 => (39|40|41|42 => Pixel_t'("00","01","00"), 19|38|43|56 => Pixel_t'("01","01","00"), 37|44|45|55|81 => Pixel_t'("01","01","01"), 20|21|22|23|24|25|26|27|28|29|30|31|32|33|34|35|36|46|47|48|49|50|51|52|53|54|57|58|59|60|61|62|63|64|65|66|67|68|69|70|71|72|73|74|75|76|77|78|79|80 => Pixel_t'("01","10","01"), 18|82 => Pixel_t'("10","10","10"), 0|1|2|3|4|5|6|7|8|9|10|11|12|13|14|15|16|17|83|84|85|86|87|88|89|90|91|92|93|94|95|96|97|98|99 => Pixel_t'("11","11","11")),
9 => (35|36|45|46|47|56 => Pixel_t'("00","01","00"), 37|44 => Pixel_t'("01","01","00"), 18|34|38|39|40|41|42|43|48|81|82 => Pixel_t'("01","01","01"), 19|20|21|22|23|24|25|26|27|28|29|30|31|32|33|49|50|51|52|53|54|55|57|58|59|60|61|62|63|64|65|66|67|68|69|70|71|72|73|74|75|76|77|78|79|80 => Pixel_t'("01","10","01"), 0|1|2|3|4|5|6|7|8|9|10|11|12|13|14|15|16|17|83|84|85|86|87|88|89|90|91|92|93|94|95|96|97|98|99 => Pixel_t'("11","11","11")),
10 => (33|49|50|56 => Pixel_t'("00","01","00"), 18|32|34|48 => Pixel_t'("01","01","00"), 82 => Pixel_t'("01","01","01"), 19|20|21|22|23|24|25|26|27|28|29|30|31|35|36|37|38|39|40|41|42|43|44|45|46|47|51|52|53|54|55|57|58|59|60|61|62|63|64|65|66|67|68|69|70|71|72|73|74|75|76|77|78|79|80|81 => Pixel_t'("01","10","01"), 17 => Pixel_t'("01","10","10"), 0|1|2|3|4|5|6|7|8|9|10|11|12|13|14|15|16|83|84|85|86|87|88|89|90|91|92|93|94|95|96|97|98|99 => Pixel_t'("11","11","11")),
11 => (17|31|51|52 => Pixel_t'("00","01","00"), 32 => Pixel_t'("01","01","00"), 30|50|56|57|82 => Pixel_t'("01","01","01"), 18|19|20|21|22|23|24|25|26|27|28|29|33|34|35|36|37|38|39|40|41|42|43|44|45|46|47|48|49|53|54|55|58|59|60|61|62|63|64|65|66|67|68|69|70|71|72|73|74|75|76|77|78|79|80|81 => Pixel_t'("01","10","01"), 83 => Pixel_t'("10","10","10"), 0|1|2|3|4|5|6|7|8|9|10|11|12|13|14|15|16|84|85|86|87|88|89|90|91|92|93|94|95|96|97|98|99 => Pixel_t'("11","11","11")),
12 => (29|30|53|65|66|67|68|69|70|71|72|73|74|75 => Pixel_t'("00","01","00"), 52|57|64|76 => Pixel_t'("01","01","00"), 16|17|54|63|82 => Pixel_t'("01","01","01"), 18|19|20|21|22|23|24|25|26|27|28|31|32|33|34|35|36|37|38|39|40|41|42|43|44|45|46|47|48|49|50|51|55|56|58|59|60|61|62|77|78|79|80|81 => Pixel_t'("01","10","01"), 83 => Pixel_t'("10","10","10"), 0|1|2|3|4|5|6|7|8|9|10|11|12|13|14|15|84|85|86|87|88|89|90|91|92|93|94|95|96|97|98|99 => Pixel_t'("11","11","11")),
13 => (28|54|55|57|59|60|61|62|77|78|79|80 => Pixel_t'("00","01","00"), 16|63|76 => Pixel_t'("01","01","00"), 27|29|56|58|64|65|66|75|81|82|83 => Pixel_t'("01","01","01"), 17|18|19|20|21|22|23|24|25|26|30|31|32|33|34|35|36|37|38|39|40|41|42|43|44|45|46|47|48|49|50|51|52|53|67|68|69|70|71|72|73|74 => Pixel_t'("01","10","01"), 15 => Pixel_t'("10","11","11"), 0|1|2|3|4|5|6|7|8|9|10|11|12|13|14|84|85|86|87|88|89|90|91|92|93|94|95|96|97|98|99 => Pixel_t'("11","11","11")),
14 => (56|57 => Pixel_t'("00","00","00"), 27|82|84 => Pixel_t'("00","01","00"), 81|83 => Pixel_t'("01","01","00"), 15|16|55|58|59|85 => Pixel_t'("01","01","01"), 17|18|19|20|21|22|23|24|25|26|28|29|30|31|32|33|34|35|36|37|38|39|40|41|42|43|44|45|46|47|48|49|50|51|52|53|54|60|61|62|63|64|65|66|67|68|69|70|71|72|73|74|75|76|77|78|79|80 => Pixel_t'("01","10","01"), 86 => Pixel_t'("10","10","10"), 0|1|2|3|4|5|6|7|8|9|10|11|12|13|14|87|88|89|90|91|92|93|94|95|96|97|98|99 => Pixel_t'("11","11","11")),
15 => (57 => Pixel_t'("00","01","00"), 15|86 => Pixel_t'("01","01","00"), 85|87 => Pixel_t'("01","01","01"), 16|17|18|19|20|21|22|23|24|25|26|27|28|29|30|31|32|33|34|35|36|37|38|39|40|41|42|43|44|45|46|47|48|49|50|51|52|53|54|55|56|58|59|60|61|62|63|64|65|66|67|68|69|70|71|72|73|74|75|76|77|78|79|80|81|82|83|84 => Pixel_t'("01","10","01"), 88 => Pixel_t'("10","10","10"), 0|1|2|3|4|5|6|7|8|9|10|11|12|13|14|89|90|91|92|93|94|95|96|97|98|99 => Pixel_t'("11","11","11")),
16 => (58|88 => Pixel_t'("00","01","00"), 15 => Pixel_t'("01","01","00"), 57|87|89 => Pixel_t'("01","01","01"), 16|17|18|19|20|21|22|23|24|25|26|27|28|29|30|31|32|33|34|35|36|37|38|39|40|41|42|43|44|45|46|47|48|49|50|51|52|53|54|55|56|59|60|61|62|63|64|65|66|67|68|69|70|71|72|73|74|75|76|77|78|79|80|81|82|83|84|85|86 => Pixel_t'("01","10","01"), 14 => Pixel_t'("01","10","10"), 0|1|2|3|4|5|6|7|8|9|10|11|12|13|90|91|92|93|94|95|96|97|98|99 => Pixel_t'("11","11","11")),
17 => (59 => Pixel_t'("00","01","00"), 14|58|89|90 => Pixel_t'("01","01","01"), 15|16|17|18|19|20|21|22|23|24|25|26|27|28|29|30|31|32|33|34|35|36|37|38|39|40|41|42|43|44|45|46|47|48|49|50|51|52|53|54|55|56|57|60|61|62|63|64|65|66|67|68|69|70|71|72|73|74|75|76|77|78|79|80|81|82|83|84|85|86|87|88 => Pixel_t'("01","10","01"), 91 => Pixel_t'("10","10","11"), 0|1|2|3|4|5|6|7|8|9|10|11|12|13|92|93|94|95|96|97|98|99 => Pixel_t'("11","11","11")),
18 => (47|48|49|50|51|52|53|54|55|56|60 => Pixel_t'("00","01","00"), 14|57 => Pixel_t'("01","01","00"), 45|46|58|59|90|91 => Pixel_t'("01","01","01"), 15|16|17|18|19|20|21|22|23|24|25|26|27|28|29|30|31|32|33|34|35|36|37|38|39|40|41|42|43|44|61|62|63|64|65|66|67|68|69|70|71|72|73|74|75|76|77|78|79|80|81|82|83|84|85|86|87|88|89 => Pixel_t'("01","10","01"), 13 => Pixel_t'("10","10","10"), 92 => Pixel_t'("10","10","11"), 0|1|2|3|4|5|6|7|8|9|10|11|12|93|94|95|96|97|98|99 => Pixel_t'("11","11","11")),
19 => (60 => Pixel_t'("00","00","00"), 43|44|45|59|61|75|76|77|78|79|80|81|82|83|84|85|86 => Pixel_t'("00","01","00"), 92 => Pixel_t'("00","01","01"), 42|46|58|74|87 => Pixel_t'("01","01","00"), 13|14|47|56|57|62|73|88|91 => Pixel_t'("01","01","01"), 15|16|17|18|19|20|21|22|23|24|25|26|27|28|29|30|31|32|33|34|35|36|37|38|39|40|41|48|49|50|51|52|53|54|55|63|64|65|66|67|68|69|70|71|72|89|90 => Pixel_t'("01","10","01"), 93 => Pixel_t'("10","10","11"), 0|1|2|3|4|5|6|7|8|9|10|11|12|94|95|96|97|98|99 => Pixel_t'("11","11","11")),
20 => (40|41|62|71|72|73|88|89|90|92 => Pixel_t'("00","01","00"), 42|74|87 => Pixel_t'("01","01","00"), 13|39|61|63|70|75|86|91 => Pixel_t'("01","01","01"), 14|15|16|17|18|19|20|21|22|23|24|25|26|27|28|29|30|31|32|33|34|35|36|37|38|43|44|45|46|47|48|49|50|51|52|53|54|55|56|57|58|59|60|64|65|66|67|68|69|76|77|78|79|80|81|82|83|84|85 => Pixel_t'("01","10","01"), 93 => Pixel_t'("10","10","10"), 0|1|2|3|4|5|6|7|8|9|10|11|12|94|95|96|97|98|99 => Pixel_t'("11","11","11")),
21 => (38|39|47|48|49|50|51|52|53|54|55|63|68|69|93 => Pixel_t'("00","01","00"), 13|46|56|70|81|82|92 => Pixel_t'("01","01","00"), 40|45|57|64|67|71|77|78|79|80|83|84|85|91 => Pixel_t'("01","01","01"), 14|15|16|17|18|19|20|21|22|23|24|25|26|27|28|29|30|31|32|33|34|35|36|37|41|42|43|44|58|59|60|61|62|65|66|72|73|74|75|76|86|87|88|89|90 => Pixel_t'("01","10","01"), 94 => Pixel_t'("01","10","10"), 12 => Pixel_t'("10","10","10"), 0|1|2|3|4|5|6|7|8|9|10|11|95|96|97|98|99 => Pixel_t'("11","11","11")),
22 => (37|43|44|45|58|59|64|66|67|74|75|76|77|85|86|87|88 => Pixel_t'("00","01","00"), 56|57|60|73|78|79|80|81|82|83|84|89 => Pixel_t'("01","01","00"), 12|13|36|38|42|46|55|65|68|72|90|94|95 => Pixel_t'("01","01","01"), 14|15|16|17|18|19|20|21|22|23|24|25|26|27|28|29|30|31|32|33|34|35|39|40|41|47|48|49|50|51|52|53|54|61|62|63|69|70|71|91|92|93 => Pixel_t'("01","10","01"), 0|1|2|3|4|5|6|7|8|9|10|11|96|97|98|99 => Pixel_t'("11","11","11")),
23 => (12 => Pixel_t'("00","00","00"), 36|41|42|61|62|64|65|70|71|72|90|91 => Pixel_t'("00","01","00"), 35|50|51|52|53|60|69|73|89|92 => Pixel_t'("01","01","00"), 11|40|43|47|48|49|63|74|95|96 => Pixel_t'("01","01","01"), 13|14|15|16|17|18|19|20|21|22|23|24|25|26|27|28|29|30|31|32|33|34|37|38|39|44|45|46|54|55|56|57|58|59|66|67|68|75|76|77|78|79|80|81|82|83|84|85|86|87|88|93|94 => Pixel_t'("01","10","01"), 10 => Pixel_t'("10","10","10"), 0|1|2|3|4|5|6|7|8|9|97|98|99 => Pixel_t'("11","11","11")),
24 => (12|34|40|63|67|68|93|94 => Pixel_t'("00","01","00"), 10|35|39|57|64|66|69|86|88 => Pixel_t'("01","01","00"), 9|11|33|41|43|44|45|46|56|62|70|77|78|79|80|81|82|83|84|85|87|92|95|96 => Pixel_t'("01","01","01"), 13|14|15|16|17|18|19|20|21|22|23|24|25|26|27|28|29|30|31|32|36|37|38|42|58|59|60|61|65|71|72|73|74|75|76|89|90|91 => Pixel_t'("01","10","01"), 55 => Pixel_t'("10","10","01"), 8|47|52|53|54 => Pixel_t'("10","10","10"), 0|1|2|3|4|5|6|7|48|49|50|51|97|98|99 => Pixel_t'("11","11","11")),
25 => (79|80|81|82|83 => Pixel_t'("00","00","00"), 8|32|33|38|95 => Pixel_t'("00","01","00"), 48 => Pixel_t'("01","00","01"), 12|31|39|42|60|65|66|74|90 => Pixel_t'("01","01","00"), 37|41|46|47|49|50|58|59|61|75|76|77|78|84|89|94|96 => Pixel_t'("01","01","01"), 9|10|11|13|14|15|16|17|18|19|20|21|22|23|24|25|26|27|28|29|30|34|35|36|40|62|63|64|67|68|69|70|71|72|73|88|91|92|93 => Pixel_t'("01","10","01"), 7|43|44|45|57|85|87 => Pixel_t'("10","10","10"), 51 => Pixel_t'("10","10","11"), 0|1|2|3|4|5|6|52|53|54|55|56|86|97|98|99 => Pixel_t'("11","11","11")),
26 => (44|45|46|47|48|49|50|51|77|78|80|81|82|83|84|85 => Pixel_t'("00","00","00"), 7|29|30|37|92|96 => Pixel_t'("00","01","00"), 12|28|31|36|62|63|72 => Pixel_t'("01","01","00"), 11|38|39|40|52|64|73|79|91|97 => Pixel_t'("01","01","01"), 8|9|10|13|14|15|16|17|18|19|20|21|22|23|24|25|26|27|32|33|34|35|61|65|66|67|68|69|70|71|93|94|95 => Pixel_t'("01","10","01"), 6|41|43|74|76 => Pixel_t'("10","10","10"), 60 => Pixel_t'("10","11","10"), 0|1|2|3|4|5|42|53|54|55|56|57|58|59|75|86|87|88|89|90|98|99 => Pixel_t'("11","11","11")),
27 => (43|44|47|48|49|50|51|52|76|77|80|81|82|83|84|85|86 => Pixel_t'("00","00","00"), 6|35|65|93 => Pixel_t'("00","01","00"), 34|70|94 => Pixel_t'("01","01","00"), 11|12|36|37|38|64|92|95|97|98 => Pixel_t'("01","01","01"), 7|8|9|10|13|14|15|16|17|18|19|20|21|22|23|24|25|26|27|28|29|30|31|32|33|66|67|68|69|71|96 => Pixel_t'("01","10","01"), 5|39|42|53|63|72|75|78 => Pixel_t'("10","10","10"), 0|1|2|3|4|40|41|45|46|54|55|56|57|58|59|60|61|62|73|74|79|87|88|89|90|91|99 => Pixel_t'("11","11","11")),
28 => (42|43|44|47|48|49|50|51|52|53|75|76|77|80|81|82|84|85|86 => Pixel_t'("00","00","00"), 33 => Pixel_t'("00","01","00"), 78 => Pixel_t'("01","00","01"), 11|32|34|66|96 => Pixel_t'("01","01","00"), 5|6|31|36|37|69|79|83|97|98 => Pixel_t'("01","01","01"), 7|8|9|10|12|13|14|15|16|17|18|19|20|21|22|23|24|25|26|27|28|29|30|35|67|68|95 => Pixel_t'("01","10","01"), 45|46|65|70|87|94 => Pixel_t'("10","10","10"), 0|1|2|3|4|38|39|40|41|54|55|56|57|58|59|60|61|62|63|64|71|72|73|74|88|89|90|91|92|93|99 => Pixel_t'("11","11","11")),
29 => (42|43|44|45|46|47|48|51|52|53|75|76|77|78|79|80|81|85|86 => Pixel_t'("00","00","00"), 11|26|27|28|29|30|31 => Pixel_t'("00","01","00"), 5|25 => Pixel_t'("01","01","00"), 32|35|66|67|68|84|87|97|98 => Pixel_t'("01","01","01"), 6|7|8|9|10|12|13|14|15|16|17|18|19|20|21|22|23|24|33|34 => Pixel_t'("01","10","01"), 36 => Pixel_t'("10","10","01"), 4|41|54 => Pixel_t'("10","10","10"), 0|1|2|3|37|38|39|40|49|50|55|56|57|58|59|60|61|62|63|64|65|69|70|71|72|73|74|82|83|88|89|90|91|92|93|94|95|96|99 => Pixel_t'("11","11","11")),
30 => (42|43|44|45|46|47|48|52|53|75|76|77|78|79|80|81|85|86|87 => Pixel_t'("00","00","00"), 11|25 => Pixel_t'("00","01","00"), 67 => Pixel_t'("01","01","00"), 4|34|51|54|66|84|98 => Pixel_t'("01","01","01"), 5|6|7|8|9|10|12|13|14|15|16|17|18|19|20|21|22|23|24|26|27|28|29|30|31|32|33 => Pixel_t'("01","10","01"), 35|41|74|97 => Pixel_t'("10","10","10"), 0|1|2|3|36|37|38|39|40|49|50|55|56|57|58|59|60|61|62|63|64|65|68|69|70|71|72|73|82|83|88|89|90|91|92|93|94|95|96|99 => Pixel_t'("11","11","11")),
31 => (42|43|44|47|48|51|52|53|54|75|76|77|80|81|82|84|85|86|87 => Pixel_t'("00","00","00"), 78 => Pixel_t'("00","00","01"), 11|25 => Pixel_t'("00","01","00"), 4 => Pixel_t'("01","01","00"), 33|41|45|49|66|83|98 => Pixel_t'("01","01","01"), 46|50 => Pixel_t'("01","01","10"), 5|6|7|8|9|10|12|13|14|15|16|17|18|19|20|21|22|23|24|26|27|28|29|30|31|32 => Pixel_t'("01","10","01"), 3|34|74 => Pixel_t'("10","10","10"), 79|99 => Pixel_t'("10","10","11"), 0|1|2|35|36|37|38|39|40|55|56|57|58|59|60|61|62|63|64|65|67|68|69|70|71|72|73|88|89|90|91|92|93|94|95|96|97 => Pixel_t'("11","11","11")),
32 => (42|43|44|47|48|49|50|51|52|53|54|75|76|77|78|80|81|82|83|84|85|86|87 => Pixel_t'("00","00","00"), 11|26|27|28 => Pixel_t'("00","01","00"), 29 => Pixel_t'("01","01","00"), 3|25|30|31|32|41|45|79 => Pixel_t'("01","01","01"), 4|5|6|7|8|9|10|12|13|14|15|16|17|18|19|20|21|22|23|24 => Pixel_t'("01","10","01"), 33|46|66|74|98|99 => Pixel_t'("10","10","10"), 0|1|2|34|35|36|37|38|39|40|55|56|57|58|59|60|61|62|63|64|65|67|68|69|70|71|72|73|88|89|90|91|92|93|94|95|96|97 => Pixel_t'("11","11","11")),
33 => (31|42|43|44|45|46|47|48|49|50|51|52|53|54|75|76|77|78|79|80|81|82|83|84|85|86|87 => Pixel_t'("00","00","00"), 3|30 => Pixel_t'("01","01","00"), 27|28|29|32|41|74|98 => Pixel_t'("01","01","01"), 4|5|6|7|8|9|10|11|12|13|14|15|16|17|18|19|20|21|22|23|24|25|26 => Pixel_t'("01","10","01"), 2|66|99 => Pixel_t'("10","10","10"), 0|1|33|34|35|36|37|38|39|40|55|56|57|58|59|60|61|62|63|64|65|67|68|69|70|71|72|73|88|89|90|91|92|93|94|95|96|97 => Pixel_t'("11","11","11")),
34 => (42|43|44|45|46|47|48|49|50|51|52|53|75|76|77|78|79|80|81|82|83|84|85|86|87 => Pixel_t'("00","00","00"), 32 => Pixel_t'("01","01","00"), 2|3|41|54|98 => Pixel_t'("01","01","01"), 4|5|6|7|8|9|10|11|12|13|14|15|16|17|18|19|20|21|22|23|24|25|26|27|28|29|30|31 => Pixel_t'("01","10","01"), 33|65|74|97 => Pixel_t'("10","10","10"), 0|1|34|35|36|37|38|39|40|55|56|57|58|59|60|61|62|63|64|66|67|68|69|70|71|72|73|88|89|90|91|92|93|94|95|96|99 => Pixel_t'("11","11","11")),
35 => (42|43|44|45|46|47|48|49|50|51|52|53|75|76|77|78|79|80|81|82|83|84|85|86 => Pixel_t'("00","00","00"), 97 => Pixel_t'("00","00","01"), 2 => Pixel_t'("00","01","00"), 33 => Pixel_t'("01","01","00"), 3|4|5|6|7|8|9|10|11|12|13|14|15|16|17|18|19|20|21|22|23|24|25|26|27|28|29|30|31|32|34|65 => Pixel_t'("01","10","01"), 1|41|54|74|87|96 => Pixel_t'("10","10","10"), 98 => Pixel_t'("10","10","11"), 0|35|36|37|38|39|40|55|56|57|58|59|60|61|62|63|64|66|67|68|69|70|71|72|73|88|89|90|91|92|93|94|95|99 => Pixel_t'("11","11","11")),
36 => (42|43|44|45|46|47|48|49|50|51|52|76|77|78|79|80|81|82|83|84|85|96 => Pixel_t'("00","00","00"), 1|2|34|35|53|64|65|75|86|95 => Pixel_t'("01","01","01"), 3|4|5|6|7|8|9|10|11|12|13|14|15|16|17|18|19|20|21|22|23|24|25|26|27|28|29|30|31|32|33 => Pixel_t'("01","10","01"), 36|94 => Pixel_t'("10","10","10"), 97 => Pixel_t'("10","10","11"), 0|37|38|39|40|41|54|55|56|57|58|59|60|61|62|63|66|67|68|69|70|71|72|73|74|87|88|89|90|91|92|93|98|99 => Pixel_t'("11","11","11")),
37 => (43|44|45|46|47|48|49|50|51|52|76|77|78|79|80|81|82|83|84 => Pixel_t'("00","00","00"), 63|93 => Pixel_t'("00","01","00"), 36|65|94 => Pixel_t'("01","01","00"), 1|37|64|66|85|92|95|96 => Pixel_t'("01","01","01"), 2|3|4|5|6|7|8|9|10|11|12|13|14|15|16|17|18|19|20|21|22|23|24|25|26|27|28|29|30|31|32|33|34|35|62 => Pixel_t'("01","10","01"), 42|91 => Pixel_t'("10","10","10"), 97 => Pixel_t'("10","10","11"), 38 => Pixel_t'("10","11","10"), 0|39|40|41|53|54|55|56|57|58|59|60|61|67|68|69|70|71|72|73|74|75|86|87|88|89|90|98|99 => Pixel_t'("11","11","11")),
38 => (44|45|46|47|48|49|50|78|79|80|81|82|83 => Pixel_t'("00","00","00"), 66|90 => Pixel_t'("00","01","00"), 1|32|38|67|91 => Pixel_t'("01","01","00"), 33|37|39|43|51|61|62|65|68|69|77|84|87|88|89|92|95|96 => Pixel_t'("01","01","01"), 2|3|4|5|6|7|8|9|10|11|12|13|14|15|16|17|18|19|20|21|22|23|24|25|26|27|28|29|30|31|34|35|36|60|63|64|86|93|94 => Pixel_t'("01","10","01"), 70 => Pixel_t'("10","10","01"), 0|40|59|71|85 => Pixel_t'("10","10","10"), 41|42|52|53|54|55|56|57|58|72|73|74|75|76|97|98|99 => Pixel_t'("11","11","11")),
39 => (79|82 => Pixel_t'("00","00","00"), 33|34|65|81|83|94 => Pixel_t'("00","01","00"), 40|58|59|70|71|72|80|84|85|86 => Pixel_t'("01","01","00"), 0|39|41|46|47|57|60|69|73|74|75|78|87|93|95 => Pixel_t'("01","01","01"), 1|2|3|4|5|6|7|8|9|10|11|12|13|14|15|16|17|18|19|20|21|22|23|24|25|26|27|28|29|30|31|32|35|36|37|38|61|62|63|64|66|67|68|88|89|90|91|92 => Pixel_t'("01","10","01"), 42|45|48|49|56|76|77 => Pixel_t'("10","10","10"), 43|44|50|51|52|53|54|55|96|97|98|99 => Pixel_t'("11","11","11")),
40 => (0|35|36|64 => Pixel_t'("00","01","00"), 42|43|44|54|55|56 => Pixel_t'("01","01","00"), 34|45|46|47|48|49|50|51|52|53|57|65|78|79|92|93 => Pixel_t'("01","01","01"), 1|2|3|4|5|6|7|8|9|10|11|12|13|14|15|16|17|18|19|20|21|22|23|24|25|26|27|28|29|30|31|32|33|37|38|39|40|41|58|59|60|61|62|63|66|67|68|69|70|71|72|73|74|75|76|77|80|81|82|83|84|85|86|87|88|89|90|91 => Pixel_t'("01","10","01"), 94 => Pixel_t'("10","10","10"), 95|96|97|98|99 => Pixel_t'("11","11","11")),
41 => (37|38|63 => Pixel_t'("00","01","00"), 39 => Pixel_t'("01","01","00"), 0|36|47|48|49|50|51|62|64|92 => Pixel_t'("01","01","01"), 1|2|3|4|5|6|7|8|9|10|11|12|13|14|15|16|17|18|19|20|21|22|23|24|25|26|27|28|29|30|31|32|33|34|35|40|41|42|43|44|45|46|52|53|54|55|56|57|58|59|60|61|65|66|67|68|69|70|71|72|73|74|75|76|77|78|79|80|81|82|83|84|85|86|87|88|89|90|91 => Pixel_t'("01","10","01"), 93|94|95|96|97|98|99 => Pixel_t'("11","11","11")),
42 => (39|40|41|59|60|61|62 => Pixel_t'("00","01","00"), 42 => Pixel_t'("01","01","00"), 38|58|91 => Pixel_t'("01","01","01"), 0|1|2|3|4|5|6|7|8|9|10|11|12|13|14|15|16|17|18|19|20|21|22|23|24|25|26|27|28|29|30|31|32|33|34|35|36|37|43|44|45|46|47|48|49|50|51|52|53|54|55|56|57|63|64|65|66|67|68|69|70|71|72|73|74|75|76|77|78|79|80|81|82|83|84|85|86|87|88|89|90 => Pixel_t'("01","10","01"), 92 => Pixel_t'("01","10","10"), 93|94|95|96|97|98|99 => Pixel_t'("11","11","11")),
43 => (43|44|45|46|47|48|49|50|51|52|53|54|55|56|57|58 => Pixel_t'("00","01","00"), 42 => Pixel_t'("01","01","00"), 41|59|90|91 => Pixel_t'("01","01","01"), 0|1|2|3|4|5|6|7|8|9|10|11|12|13|14|15|16|17|18|19|20|21|22|23|24|25|26|27|28|29|30|31|32|33|34|35|36|37|38|39|40|60|61|62|63|64|65|66|67|68|69|70|71|72|73|74|75|76|77|78|79|80|81|82|83|84|85|86|87|88|89 => Pixel_t'("01","10","01"), 92|93|94|95|96|97|98|99 => Pixel_t'("11","11","11")),
44 => (89|90 => Pixel_t'("01","01","01"), 0|1|2|3|4|5|6|7|8|9|10|11|12|13|14|15|16|17|18|19|20|21|22|23|24|25|26|27|28|29|30|31|32|33|34|35|36|37|38|39|40|41|42|43|44|45|46|47|48|49|50|51|52|53|54|55|56|57|58|59|60|61|62|63|64|65|66|67|68|69|70|71|72|73|74|75|76|77|78|79|80|81|82|83|84|85|86|87|88 => Pixel_t'("01","10","01"), 91|92|93|94|95|96|97|98|99 => Pixel_t'("11","11","11")),
45 => (58 => Pixel_t'("00","01","00"), 57|88 => Pixel_t'("01","01","00"), 89 => Pixel_t'("01","01","01"), 0|1|2|3|4|5|6|7|8|9|10|11|12|13|14|15|16|17|18|19|20|21|22|23|24|25|26|27|28|29|30|31|32|33|34|35|36|37|38|39|40|41|42|43|44|45|46|47|48|49|50|51|52|53|54|55|56|59|60|61|62|63|64|65|66|67|68|69|70|71|72|73|74|75|76|77|78|79|80|81|82|83|84|85|86|87 => Pixel_t'("01","10","01"), 90|91|92|93|94|95|96|97|98|99 => Pixel_t'("11","11","11")),
46 => (55 => Pixel_t'("00","01","00"), 56|68|69 => Pixel_t'("01","01","00"), 57|85|86 => Pixel_t'("01","01","01"), 0|1|2|3|4|5|6|7|8|9|10|11|12|13|14|15|16|17|18|19|20|21|22|23|24|25|26|27|28|29|30|31|32|33|34|35|36|37|38|39|40|41|42|43|44|45|46|47|48|49|50|51|52|53|54|58|59|60|61|62|63|64|65|66|67|70|71|72|73|74|75|76|77|78|79|80|81|82|83|84 => Pixel_t'("01","10","01"), 87 => Pixel_t'("10","10","10"), 88 => Pixel_t'("10","10","11"), 89|90|91|92|93|94|95|96|97|98|99 => Pixel_t'("11","11","11")),
47 => (85 => Pixel_t'("00","00","00"), 54|70|83|84 => Pixel_t'("00","01","00"), 53|55|69|71|82 => Pixel_t'("01","01","00"), 81 => Pixel_t'("01","01","01"), 0|1|2|3|4|5|6|7|8|9|10|11|12|13|14|15|16|17|18|19|20|21|22|23|24|25|26|27|28|29|30|31|32|33|34|35|36|37|38|39|40|41|42|43|44|45|46|47|48|49|50|51|52|56|57|58|59|60|61|62|63|64|65|66|67|68|72|73|74|75|76|77|78|79|80 => Pixel_t'("01","10","01"), 86 => Pixel_t'("10","10","10"), 87|88|89|90|91|92|93|94|95|96|97|98|99 => Pixel_t'("11","11","11")),
48 => (51|52|72|73|74|75|76|77|78|79|80 => Pixel_t'("00","01","00"), 71|81|82 => Pixel_t'("01","01","00"), 50|53|85|86 => Pixel_t'("01","01","01"), 0|1|2|3|4|5|6|7|8|9|10|11|12|13|14|15|16|17|18|19|20|21|22|23|24|25|26|27|28|29|30|31|32|33|34|35|36|37|38|39|40|41|42|43|44|45|46|47|48|49|54|55|56|57|58|59|60|61|62|63|64|65|66|67|68|69|70|83|84 => Pixel_t'("01","10","01"), 87|88|89|90|91|92|93|94|95|96|97|98|99 => Pixel_t'("11","11","11")),
49 => (74 => Pixel_t'("00","00","00"), 49|50 => Pixel_t'("00","01","00"), 75|86 => Pixel_t'("01","01","00"), 48|51|73|87 => Pixel_t'("01","01","01"), 0|1|2|3|4|5|6|7|8|9|10|11|12|13|14|15|16|17|18|19|20|21|22|23|24|25|26|27|28|29|30|31|32|33|34|35|36|37|38|39|40|41|42|43|44|45|46|47|52|53|54|55|56|57|58|59|60|61|62|63|64|65|66|67|68|69|70|71|72|76|77|78|79|80|81|82|83|84|85 => Pixel_t'("01","10","01"), 88|89|90|91|92|93|94|95|96|97|98|99 => Pixel_t'("11","11","11")),
50 => (46|47|75 => Pixel_t'("00","01","00"), 48|87 => Pixel_t'("01","01","00"), 49 => Pixel_t'("01","01","01"), 0|1|2|3|4|5|6|7|8|9|10|11|12|13|14|15|16|17|18|19|20|21|22|23|24|25|26|27|28|29|30|31|32|33|34|35|36|37|38|39|40|41|42|43|44|45|50|51|52|53|54|55|56|57|58|59|60|61|62|63|64|65|66|67|68|69|70|71|72|73|74|76|77|78|79|80|81|82|83|84|85|86 => Pixel_t'("01","10","01"), 88 => Pixel_t'("01","10","10"), 89|90|91|92|93|94|95|96|97|98|99 => Pixel_t'("11","11","11")),
51 => (88 => Pixel_t'("00","01","00"), 46 => Pixel_t'("01","01","00"), 0|1|2|3|4|5|6|7|8|9|10|11|12|13|14|15|16|17|18|19|20|21|22|23|24|25|26|27|28|29|30|31|32|33|34|35|36|37|38|39|40|41|42|43|44|45|47|48|49|50|51|52|53|54|55|56|57|58|59|60|61|62|63|64|65|66|67|68|69|70|71|72|73|74|75|76|77|78|79|80|81|82|83|84|85|86|87 => Pixel_t'("01","10","01"), 89 => Pixel_t'("10","10","10"), 90|91|92|93|94|95|96|97|98|99 => Pixel_t'("11","11","11")),
52 => (89 => Pixel_t'("01","01","01"), 0|1|2|3|4|5|6|7|8|9|10|11|12|13|14|15|16|17|18|19|20|21|22|23|24|25|26|27|28|29|30|31|32|33|34|35|36|37|38|39|40|41|42|43|44|45|46|47|48|49|50|51|52|53|54|55|56|57|58|59|60|61|62|63|64|65|66|67|68|69|70|71|72|73|74|75|76|77|78|79|80|81|82|83|84|85|86|87|88 => Pixel_t'("01","10","01"), 90|91|92|93|94|95|96|97|98|99 => Pixel_t'("11","11","11")),
53 => (89|90 => Pixel_t'("01","01","01"), 0|1|2|3|4|5|6|7|8|9|10|11|12|13|14|15|16|17|18|19|20|21|22|23|24|25|26|27|28|29|30|31|32|33|34|35|36|37|38|39|40|41|42|43|44|45|46|47|48|49|50|51|52|53|54|55|56|57|58|59|60|61|62|63|64|65|66|67|68|69|70|71|72|73|74|75|76|77|78|79|80|81|82|83|84|85|86|87|88 => Pixel_t'("01","10","01"), 91|92|93|94|95|96|97|98|99 => Pixel_t'("11","11","11")),
54 => (90 => Pixel_t'("00","01","00"), 0|1|2|3|4|5|6|7|8|9|10|11|12|13|14|15|16|17|18|19|20|21|22|23|24|25|26|27|28|29|30|31|32|33|34|35|36|37|38|39|40|41|42|43|44|45|46|47|48|49|50|51|52|53|54|55|56|57|58|59|60|61|62|63|64|65|66|67|68|69|70|71|72|73|74|75|76|77|78|79|80|81|82|83|84|85|86|87|88|89 => Pixel_t'("01","10","01"), 91 => Pixel_t'("10","10","11"), 92|93|94|95|96|97|98|99 => Pixel_t'("11","11","11")),
55 => (90|91 => Pixel_t'("01","01","01"), 0|1|2|3|4|5|6|7|8|9|10|11|12|13|14|15|16|17|18|19|20|21|22|23|24|25|26|27|28|29|30|31|32|33|34|35|36|37|38|39|40|41|42|43|44|45|46|47|48|49|50|51|52|53|54|55|56|57|58|59|60|61|62|63|64|65|66|67|68|69|70|71|72|73|74|75|76|77|78|79|80|81|82|83|84|85|86|87|88|89 => Pixel_t'("01","10","01"), 92|93|94|95|96|97|98|99 => Pixel_t'("11","11","11")),
56 => (91 => Pixel_t'("01","01","01"), 0|1|2|3|4|5|6|7|8|9|10|11|12|13|14|15|16|17|18|19|20|21|22|23|24|25|26|27|28|29|30|31|32|33|34|35|36|37|38|39|40|41|42|43|44|45|46|47|48|49|50|51|52|53|54|55|56|57|58|59|60|61|62|63|64|65|66|67|68|69|70|71|72|73|74|75|76|77|78|79|80|81|82|83|84|85|86|87|88|89|90 => Pixel_t'("01","10","01"), 92|93|94|95|96|97|98|99 => Pixel_t'("11","11","11")),
57 => (91 => Pixel_t'("01","01","00"), 0|1|2|3|4|5|6|7|8|9|10|11|12|13|14|15|16|17|18|19|20|21|22|23|24|25|26|27|28|29|30|31|32|33|34|35|36|37|38|39|40|41|42|43|44|45|46|47|48|49|50|51|52|53|54|55|56|57|58|59|60|61|62|63|64|65|66|67|68|69|70|71|72|73|74|75|76|77|78|79|80|81|82|83|84|85|86|87|88|89|90 => Pixel_t'("01","10","01"), 92 => Pixel_t'("10","10","10"), 93|94|95|96|97|98|99 => Pixel_t'("11","11","11")),
58 => (91 => Pixel_t'("01","01","01"), 92 => Pixel_t'("01","01","10"), 0|1|2|3|4|5|6|7|8|9|10|11|12|13|14|15|16|17|18|19|20|21|22|23|24|25|26|27|28|29|30|31|32|33|34|35|36|37|38|39|40|41|42|43|44|45|46|47|48|49|50|51|52|53|54|55|56|57|58|59|60|61|62|63|64|65|66|67|68|69|70|71|72|73|74|75|76|77|78|79|80|81|82|83|84|85|86|87|88|89|90 => Pixel_t'("01","10","01"), 93|94|95|96|97|98|99 => Pixel_t'("11","11","11")),
59 => (92 => Pixel_t'("01","01","01"), 0|1|2|3|4|5|6|7|8|9|10|11|12|13|14|15|16|17|18|19|20|21|22|23|24|25|26|27|28|29|30|31|32|33|34|35|36|37|38|39|40|41|42|43|44|45|46|47|48|49|50|51|52|53|54|55|56|57|58|59|60|61|62|63|64|65|66|67|68|69|70|71|72|73|74|75|76|77|78|79|80|81|82|83|84|85|86|87|88|89|90|91 => Pixel_t'("01","10","01"), 93|94|95|96|97|98|99 => Pixel_t'("11","11","11")),
60 => (92 => Pixel_t'("01","01","01"), 0|1|2|3|4|5|6|7|8|9|10|11|12|13|14|15|16|17|18|19|20|21|22|23|24|25|26|27|28|29|30|31|32|33|34|35|36|37|38|39|40|41|42|43|44|45|46|47|48|49|50|51|52|53|54|55|56|57|58|59|60|61|62|63|64|65|66|67|68|69|70|71|72|73|74|75|76|77|78|79|80|81|82|83|84|85|86|87|88|89|90|91 => Pixel_t'("01","10","01"), 93|94|95|96|97|98|99 => Pixel_t'("11","11","11")),
61 => (92 => Pixel_t'("01","01","01"), 0|1|2|3|4|5|6|7|8|9|10|11|12|13|14|15|16|17|18|19|20|21|22|23|24|25|26|27|28|29|30|31|32|33|34|35|36|37|38|39|40|41|42|43|44|45|46|47|48|49|50|51|52|53|54|55|56|57|58|59|60|61|62|63|64|65|66|67|68|69|70|71|72|73|74|75|76|77|78|79|80|81|82|83|84|85|86|87|88|89|90|91 => Pixel_t'("01","10","01"), 93|94|95|96|97|98|99 => Pixel_t'("11","11","11")),
62 => (33|34|35 => Pixel_t'("01","00","00"), 31|32|36|37|38|92 => Pixel_t'("01","01","00"), 30|39|40 => Pixel_t'("01","01","01"), 0|1|2|3|4|5|6|7|8|9|10|11|12|13|14|15|16|17|18|19|20|21|22|23|24|25|26|27|28|29|41|42|43|44|45|46|47|48|49|50|51|52|53|54|55|56|57|58|59|60|61|62|63|64|65|66|67|68|69|70|71|72|73|74|75|76|77|78|79|80|81|82|83|84|85|86|87|88|89|90|91 => Pixel_t'("01","10","01"), 93 => Pixel_t'("10","10","10"), 94|95|96|97|98|99 => Pixel_t'("11","11","11")),
63 => (30|40|41|92|93 => Pixel_t'("01","00","00"), 29|38|39|42|43|91 => Pixel_t'("01","01","00"), 28|44|45|90 => Pixel_t'("01","01","01"), 0|1|2|3|4|5|6|7|8|9|10|11|12|13|14|15|16|17|18|19|20|21|22|23|24|25|26|27|46|47|48|49|50|51|52|53|54|55|56|57|58|59|60|61|62|63|64|65|66|67|68|69|70|71|72|73|74|75|76|77|78|79|80|81|82|83|84|85|86|87|88|89 => Pixel_t'("01","10","01"), 31|32|37 => Pixel_t'("10","01","00"), 33|34|35|36 => Pixel_t'("10","01","01"), 94 => Pixel_t'("10","01","10"), 95|96|97|98|99 => Pixel_t'("11","11","11")),
64 => (28|45|46|90 => Pixel_t'("01","00","00"), 44|47|48|89|94 => Pixel_t'("01","01","00"), 27|49|50|88 => Pixel_t'("01","01","01"), 0|1|2|3|4|5|6|7|8|9|10|11|12|13|14|15|16|17|18|19|20|21|22|23|24|25|26|51|52|53|54|55|56|57|58|59|60|61|62|63|64|65|66|67|68|69|70|71|72|73|74|75|76|77|78|79|80|81|82|83|84|85|86|87 => Pixel_t'("01","10","01"), 43|91 => Pixel_t'("10","01","00"), 29|30|31|32|33|34|35|36|37|38|39|40|41|42|92|93 => Pixel_t'("10","01","01"), 95|96|97|98|99 => Pixel_t'("11","11","11")),
65 => (27|49|50|51|87|88 => Pixel_t'("01","00","00"), 48|52|53|86|94 => Pixel_t'("01","01","00"), 26|54|55|85 => Pixel_t'("01","01","01"), 0|1|2|3|4|5|6|7|8|9|10|11|12|13|14|15|16|17|18|19|20|21|22|23|24|25|56|57|58|59|60|61|62|63|64|65|66|67|68|69|70|71|72|73|74|75|76|77|78|79|80|81|82|83|84 => Pixel_t'("01","10","01"), 47|89 => Pixel_t'("10","01","00"), 28|29|30|31|32|33|34|35|36|37|38|39|40|41|42|43|44|45|46|90|91|92|93 => Pixel_t'("10","01","01"), 95 => Pixel_t'("10","10","10"), 96|97|98|99 => Pixel_t'("11","11","11")),
66 => (55|56|84|85 => Pixel_t'("01","00","00"), 26|53|54|57|58|83|94 => Pixel_t'("01","01","00"), 59|60|61|81|82 => Pixel_t'("01","01","01"), 0|1|2|3|4|5|6|7|8|9|10|11|12|13|14|15|16|17|18|19|20|21|22|23|24|25|62|63|64|65|66|67|68|69|70|71|72|73|74|75|76|77|78|79|80 => Pixel_t'("01","10","01"), 27|30|44|52|86|91 => Pixel_t'("10","01","00"), 28|29|31|32|33|34|35|36|37|38|39|40|41|42|43|45|46|47|48|49|50|51|87|88|89|90|92|93 => Pixel_t'("10","01","01"), 95 => Pixel_t'("10","10","10"), 96|97|98|99 => Pixel_t'("11","11","11")),
67 => (26|61|62|63|80|81 => Pixel_t'("01","00","00"), 59|60|64|65|66|78|79|82 => Pixel_t'("01","01","00"), 25|67|68|69|70|71|72|73|74|75|76|77|94 => Pixel_t'("01","01","01"), 0|1|2|3|4|5|6|7|8|9|10|11|12|13|14|15|16|17|18|19|20|21|22|23|24 => Pixel_t'("01","10","01"), 43|44|47|48|49|50|57|58|83|91 => Pixel_t'("10","01","00"), 27|28|29|30|31|32|33|34|35|36|37|38|39|40|41|42|45|46|51|52|53|54|55|56|84|85|86|87|88|89|90|92|93 => Pixel_t'("10","01","01"), 95|96|97|98|99 => Pixel_t'("11","11","11")),
68 => (32|33|34|35|36|37|38|39|70|71|72|74|75|93 => Pixel_t'("01","00","00"), 25|66|67|68|69|73|76|77 => Pixel_t'("01","01","00"), 0|1|2|3|4|5|6|7|8|9|10|11|12|13|14|15|16|17|18|19|20|21|22|23|24 => Pixel_t'("01","10","01"), 26|31|50|51|52|53|54|56|57|63|64|65|78|79 => Pixel_t'("10","01","00"), 27|28|29|30|40|41|42|43|44|45|46|47|48|49|55|58|59|60|61|62|80|81|82|83|84|85|86|87|88|89|90|91|92 => Pixel_t'("10","01","01"), 94 => Pixel_t'("10","10","10"), 95|96|97|98|99 => Pixel_t'("11","11","11")),
69 => (40|41|42|43|92 => Pixel_t'("01","00","00"), 25|44 => Pixel_t'("01","01","00"), 0|1|2|3|4|5|6|7|8|9|10|11|12|13|14|15|16|17|18|19|20|21|22|23|24 => Pixel_t'("01","10","01"), 38|39|54|59|62|79|80|81|88 => Pixel_t'("10","01","00"), 26|27|28|29|30|31|32|33|34|35|36|37|45|46|47|48|49|50|51|52|53|55|56|57|58|60|61|63|64|65|66|67|68|69|70|71|72|73|74|75|76|77|78|82|83|84|85|86|87|89|90|91 => Pixel_t'("10","01","01"), 93 => Pixel_t'("10","10","10"), 94|95|96|97|98|99 => Pixel_t'("11","11","11")),
70 => (44|45|46|47|48 => Pixel_t'("01","00","00"), 25 => Pixel_t'("01","01","00"), 90|91 => Pixel_t'("01","01","01"), 0|1|2|3|4|5|6|7|8|9|10|11|12|13|14|15|16|17|18|19|20|21|22|23|24 => Pixel_t'("01","10","01"), 32|43|49|78|79 => Pixel_t'("10","01","00"), 26|27|28|29|30|31|33|34|35|36|37|38|39|40|41|42|50|51|52|53|54|55|56|57|58|59|60|61|62|63|64|65|66|67|68|69|70|71|72|73|74|75|76|77|80|81|82|83|84|85|86|87|88|89 => Pixel_t'("10","01","01"), 92 => Pixel_t'("10","10","10"), 93|94|95|96|97|98|99 => Pixel_t'("11","11","11")),
71 => (49|50|51|52|53|89 => Pixel_t'("01","00","00"), 25|54|87|88 => Pixel_t'("01","01","00"), 90 => Pixel_t'("01","01","01"), 0|1|2|3|4|5|6|7|8|9|10|11|12|13|14|15|16|17|18|19|20|21|22|23|24 => Pixel_t'("01","10","01"), 29|48 => Pixel_t'("10","01","00"), 26|27|28|30|31|32|33|34|35|36|37|38|39|40|41|42|43|44|45|46|47|55|56|57|58|59|60|61|62|63|64|65|66|67|68|69|70|71|72|73|74|75|76|77|78|79|80|81|82|83|84|85|86 => Pixel_t'("10","01","01"), 91|92|93|94|95|96|97|98|99 => Pixel_t'("11","11","11")),
72 => (55|56|57|58|59|60|81|82|83|84|85|86 => Pixel_t'("01","00","00"), 25|26|54|61|62|63|78|79|80|87|89 => Pixel_t'("01","01","00"), 90 => Pixel_t'("01","01","01"), 0|1|2|3|4|5|6|7|8|9|10|11|12|13|14|15|16|17|18|19|20|21|22|23|24 => Pixel_t'("01","10","01"), 42|43|44|52|53|64|65|66|76|77|88 => Pixel_t'("10","01","00"), 27|28|29|30|31|32|33|34|35|36|37|38|39|40|41|45|46|47|48|49|50|51|67|68|69|70|71|72|73|74|75 => Pixel_t'("10","01","01"), 91|92|93|94|95|96|97|98|99 => Pixel_t'("11","11","11")),
73 => (65|66|67|68|69|70|71|72|73|74|75|76 => Pixel_t'("01","00","00"), 26|64|77|78|90 => Pixel_t'("01","01","00"), 27 => Pixel_t'("01","01","01"), 0|1|2|3|4|5|6|7|8|9|10|11|12|13|14|15|16|17|18|19|20|21|22|23|24|25 => Pixel_t'("01","10","01"), 44|45|59|60|61|62|63|79|80|81 => Pixel_t'("10","01","00"), 28|29|30|31|32|33|34|35|36|37|38|39|40|41|42|43|46|47|48|49|50|51|52|53|54|55|56|57|58|82|83|84|85|86|87|88|89 => Pixel_t'("10","01","01"), 91|92|93|94|95|96|97|98|99 => Pixel_t'("11","11","11")),
74 => (28 => Pixel_t'("00","00","00"), 21|27 => Pixel_t'("00","01","00"), 32|33|34|35|36 => Pixel_t'("01","00","00"), 29|30|31|37|38|39|90 => Pixel_t'("01","01","00"), 40 => Pixel_t'("01","01","01"), 0|1|2|3|4|5|6|7|8|9|10|11|12|13|14|15|16|17|18|19|20|22|23|24|25|26 => Pixel_t'("01","10","01"), 47|48|49|85|86|87 => Pixel_t'("10","01","00"), 41|42|43|44|45|46|50|51|52|53|54|55|56|57|58|59|60|61|62|63|64|65|66|67|68|69|70|71|72|73|74|75|76|77|78|79|80|81|82|83|84|88|89 => Pixel_t'("10","01","01"), 91 => Pixel_t'("10","10","10"), 92|93|94|95|96|97|98|99 => Pixel_t'("11","11","11")),
75 => (21|39|40|41|42|43|44 => Pixel_t'("01","01","00"), 22|37|38|90 => Pixel_t'("01","01","01"), 0|1|2|3|4|5|6|7|8|9|10|11|12|13|14|15|16|17|18|19|20|23|24|25|26|27|28|29|30|31|32|33|34|35|36 => Pixel_t'("01","10","01"), 59|60|83|87 => Pixel_t'("10","01","00"), 45|46|47|48|49|50|51|52|53|54|55|56|57|58|61|62|63|64|65|66|67|68|69|70|71|72|73|74|75|76|77|78|79|80|81|82|84|85|86|88|89 => Pixel_t'("10","01","01"), 91|92|93|94|95|96|97|98|99 => Pixel_t'("11","11","11")),
76 => (22 => Pixel_t'("00","01","00"), 44|45|46|47|48 => Pixel_t'("01","01","00"), 43|49|89|90 => Pixel_t'("01","01","01"), 0|1|2|3|4|5|6|7|8|9|10|11|12|13|14|15|16|17|18|19|20|21|23|24|25|26|27|28|29|30|31|32|33|34|35|36|37|38|39|40|41|42 => Pixel_t'("01","10","01"), 59|60|61|63|71|86|87 => Pixel_t'("10","01","00"), 50|51|52|53|54|55|56|57|58|62|64|65|66|67|68|69|70|72|73|74|75|76|77|78|79|80|81|82|83|84|85|88 => Pixel_t'("10","01","01"), 91|92|93|94|95|96|97|98|99 => Pixel_t'("11","11","11")),
77 => (50 => Pixel_t'("00","01","00"), 22|23|48|49|51|52|53 => Pixel_t'("01","01","00"), 47|54|88|89 => Pixel_t'("01","01","01"), 0|1|2|3|4|5|6|7|8|9|10|11|12|13|14|15|16|17|18|19|20|21|24|25|26|27|28|29|30|31|32|33|34|35|36|37|38|39|40|41|42|43|44|45|46 => Pixel_t'("01","10","01"), 74|75|76|77|78|79|82 => Pixel_t'("10","01","00"), 55|56|57|58|59|60|61|62|63|64|65|66|67|68|69|70|71|72|73|80|81|83|84|85|86|87 => Pixel_t'("10","01","01"), 90|91|92|93|94|95|96|97|98|99 => Pixel_t'("11","11","11")),
78 => (23|24|55|56 => Pixel_t'("00","01","00"), 53|54|57|58|59|60|61|62|63|87 => Pixel_t'("01","01","00"), 0|52|64|88 => Pixel_t'("01","01","01"), 1|2|3|4|5|6|7|8|9|10|11|12|13|14|15|16|17|18|19|20|21|22|25|26|27|28|29|30|31|32|33|34|35|36|37|38|39|40|41|42|43|44|45|46|47|48|49|50|51 => Pixel_t'("01","10","01"), 65|66|67|68|69|70|71|72|73|74|75|76|77|78|79|80|81|82|83|84|85|86 => Pixel_t'("10","01","01"), 89 => Pixel_t'("10","10","11"), 90|91|92|93|94|95|96|97|98|99 => Pixel_t'("11","11","11")),
79 => (25|65|66|67|68|69|70|71 => Pixel_t'("00","01","00"), 83 => Pixel_t'("01","00","00"), 24|26|60|61|62|63|64|72|73|74|75|76|77|78|79|80|81|82 => Pixel_t'("01","01","00"), 1|27|59|84|85|86 => Pixel_t'("01","01","01"), 2|3|4|5|6|7|8|9|10|11|12|13|14|15|16|17|18|19|20|21|22|23|28|29|30|31|32|33|34|35|36|37|38|39|40|41|42|43|44|45|46|47|48|49|50|51|52|53|54|55|56|57|58 => Pixel_t'("01","10","01"), 0|87 => Pixel_t'("10","10","10"), 88|89|90|91|92|93|94|95|96|97|98|99 => Pixel_t'("11","11","11")),
80 => (81 => Pixel_t'("00","00","00"), 27 => Pixel_t'("00","01","00"), 26|28 => Pixel_t'("01","01","00"), 1|2|74|75|76|77|78|79|80|82 => Pixel_t'("01","01","01"), 3|4|5|6|7|8|9|10|11|12|13|14|15|16|17|18|19|20|21|22|23|24|25|29|30|31|32|33|34|35|36|37|38|39|40|41|42|43|44|45|46|47|48|49|50|51|52|53|54|55|56|57|58|59|60|61|62|63|64|65|66|67|68|69|70|71|72|73 => Pixel_t'("01","10","01"), 83|84 => Pixel_t'("10","10","11"), 0|85|86|87|88|89|90|91|92|93|94|95|96|97|98|99 => Pixel_t'("11","11","11")),
81 => (2 => Pixel_t'("00","00","00"), 3|80 => Pixel_t'("01","01","01"), 81 => Pixel_t'("01","01","10"), 4|5|6|7|8|9|10|11|12|13|14|15|16|17|18|19|20|21|22|23|24|25|26|27|28|29|30|31|32|33|34|35|36|37|38|39|40|41|42|43|44|45|46|47|48|49|50|51|52|53|54|55|56|57|58|59|60|61|62|63|64|65|66|67|68|69|70|71|72|73|74|75|76|77|78|79 => Pixel_t'("01","10","01"), 1 => Pixel_t'("10","10","10"), 0|82|83|84|85|86|87|88|89|90|91|92|93|94|95|96|97|98|99 => Pixel_t'("11","11","11")),
82 => (1 => Pixel_t'("00","00","01"), 4 => Pixel_t'("00","01","00"), 3|79 => Pixel_t'("01","01","00"), 2|5 => Pixel_t'("01","01","01"), 0 => Pixel_t'("01","01","10"), 6|7|8|9|10|11|12|13|14|15|16|17|18|19|20|21|22|23|24|25|26|27|28|29|30|31|32|33|34|35|36|37|38|39|40|41|42|43|44|45|46|47|48|49|50|51|52|53|54|55|56|57|58|59|60|61|62|63|64|65|66|67|68|69|70|71|72|73|74|75|76|77|78 => Pixel_t'("01","10","01"), 80 => Pixel_t'("01","10","10"), 81|82|83|84|85|86|87|88|89|90|91|92|93|94|95|96|97|98|99 => Pixel_t'("11","11","11")),
83 => (2 => Pixel_t'("00","00","01"), 1 => Pixel_t'("00","00","10"), 0 => Pixel_t'("00","00","11"), 5|6|78 => Pixel_t'("00","01","00"), 3|4|77 => Pixel_t'("01","01","01"), 7|8|9|10|11|12|13|14|15|16|17|18|19|20|21|22|23|24|25|26|27|28|29|30|31|32|33|34|35|36|37|38|39|40|41|42|43|44|45|46|47|48|49|50|51|52|53|54|55|56|57|58|59|60|61|62|63|64|65|66|67|68|69|70|71|72|73|74|75|76 => Pixel_t'("01","10","01"), 79 => Pixel_t'("10","10","10"), 80|81|82|83|84|85|86|87|88|89|90|91|92|93|94|95|96|97|98|99 => Pixel_t'("11","11","11")),
84 => (3 => Pixel_t'("00","00","01"), 7|8 => Pixel_t'("00","01","00"), 0|1|2 => Pixel_t'("00","01","11"), 4|6|9|76|77 => Pixel_t'("01","01","01"), 5|10|11|12|13|14|15|16|17|18|19|20|21|22|23|24|25|26|27|28|29|30|31|32|33|34|35|36|37|38|39|40|41|42|43|44|45|46|47|48|49|50|51|52|53|54|55|56|57|58|59|60|61|62|63|64|65|66|67|68|69|70|71|72|73|74|75 => Pixel_t'("01","10","01"), 78 => Pixel_t'("10","10","10"), 79|80|81|82|83|84|85|86|87|88|89|90|91|92|93|94|95|96|97|98|99 => Pixel_t'("11","11","11")),
85 => (4 => Pixel_t'("00","00","10"), 9|10|75 => Pixel_t'("00","01","00"), 5 => Pixel_t'("00","01","01"), 0|1|2|3 => Pixel_t'("00","01","11"), 8|11|74|76 => Pixel_t'("01","01","01"), 6|7|12|13|14|15|16|17|18|19|20|21|22|23|24|25|26|27|28|29|30|31|32|33|34|35|36|37|38|39|40|41|42|43|44|45|46|47|48|49|50|51|52|53|54|55|56|57|58|59|60|61|62|63|64|65|66|67|68|69|70|71|72|73 => Pixel_t'("01","10","01"), 77|78|79|80|81|82|83|84|85|86|87|88|89|90|91|92|93|94|95|96|97|98|99 => Pixel_t'("11","11","11")),
86 => (6 => Pixel_t'("00","00","01"), 5 => Pixel_t'("00","00","11"), 12|13 => Pixel_t'("00","01","00"), 0|1|2|3|4 => Pixel_t'("00","01","11"), 11|73 => Pixel_t'("01","01","00"), 7|10|14|72|74 => Pixel_t'("01","01","01"), 8|9|15|16|17|18|19|20|21|22|23|24|25|26|27|28|29|30|31|32|33|34|35|36|37|38|39|40|41|42|43|44|45|46|47|48|49|50|51|52|53|54|55|56|57|58|59|60|61|62|63|64|65|66|67|68|69|70|71 => Pixel_t'("01","10","01"), 75 => Pixel_t'("10","10","10"), 76|77|78|79|80|81|82|83|84|85|86|87|88|89|90|91|92|93|94|95|96|97|98|99 => Pixel_t'("11","11","11")),
87 => (8 => Pixel_t'("00","00","01"), 7 => Pixel_t'("00","00","10"), 14|15|16|71 => Pixel_t'("00","01","00"), 0|1|2|3|4|5|6 => Pixel_t'("00","01","11"), 13 => Pixel_t'("01","01","00"), 9|17|70|72 => Pixel_t'("01","01","01"), 10|11|12|18|19|20|21|22|23|24|25|26|27|28|29|30|31|32|33|34|35|36|37|38|39|40|41|42|43|44|45|46|47|48|49|50|51|52|53|54|55|56|57|58|59|60|61|62|63|64|65|66|67|68|69 => Pixel_t'("01","10","01"), 73 => Pixel_t'("10","10","10"), 74|75|76|77|78|79|80|81|82|83|84|85|86|87|88|89|90|91|92|93|94|95|96|97|98|99 => Pixel_t'("11","11","11")),
88 => (9 => Pixel_t'("00","00","10"), 8 => Pixel_t'("00","00","11"), 17|18|19|20|69 => Pixel_t'("00","01","00"), 10 => Pixel_t'("00","01","01"), 0|1|2|3|4|5|6|7 => Pixel_t'("00","01","11"), 16|21 => Pixel_t'("01","01","00"), 11|22|67|68|70 => Pixel_t'("01","01","01"), 12|13|14|15|23|24|25|26|27|28|29|30|31|32|33|34|35|36|37|38|39|40|41|42|43|44|45|46|47|48|49|50|51|52|53|54|55|56|57|58|59|60|61|62|63|64|65|66 => Pixel_t'("01","10","01"), 71 => Pixel_t'("10","10","10"), 72|73|74|75|76|77|78|79|80|81|82|83|84|85|86|87|88|89|90|91|92|93|94|95|96|97|98|99 => Pixel_t'("11","11","11")),
89 => (11 => Pixel_t'("00","00","10"), 10 => Pixel_t'("00","00","11"), 22|23|24|25|26 => Pixel_t'("00","01","00"), 12 => Pixel_t'("00","01","01"), 0|1|2|3|4|5|6|7|8|9 => Pixel_t'("00","01","11"), 21|27 => Pixel_t'("01","01","00"), 13|28|29|66|67 => Pixel_t'("01","01","01"), 14|15|16|17|18|19|20|30|31|32|33|34|35|36|37|38|39|40|41|42|43|44|45|46|47|48|49|50|51|52|53|54|55|56|57|58|59|60|61|62|63|64|65 => Pixel_t'("01","10","01"), 68|69 => Pixel_t'("10","10","10"), 70|71|72|73|74|75|76|77|78|79|80|81|82|83|84|85|86|87|88|89|90|91|92|93|94|95|96|97|98|99 => Pixel_t'("11","11","11")),
90 => (14|64|65 => Pixel_t'("00","00","01"), 13 => Pixel_t'("00","00","10"), 12 => Pixel_t'("00","00","11"), 29|30|31|32|33|63 => Pixel_t'("00","01","00"), 0|1|2|3|4|5|6|7|8|9|10|11 => Pixel_t'("00","01","11"), 27|28|34|35|61|62 => Pixel_t'("01","01","00"), 15|36|37|38|60|66 => Pixel_t'("01","01","01"), 16|17|18|19|20|21|22|23|24|25|26|39|40|41|42|43|44|45|46|47|48|49|50|51|52|53|54|55|56|57|58|59 => Pixel_t'("01","10","01"), 67|68|69|70|71|72|73|74|75|76|77|78|79|80|81|82|83|84|85|86|87|88|89|90|91|92|93|94|95|96|97|98|99 => Pixel_t'("11","11","11")),
91 => (15|16|64|65 => Pixel_t'("00","00","10"), 37|38|39|40|41|42|43|44|45|46|47|48|50|51|52|53|54|55|56|57|58|59|60 => Pixel_t'("00","01","00"), 17 => Pixel_t'("00","01","01"), 0|1|2|3|4|5|6|7|8|9|10|11|12|13|14 => Pixel_t'("00","01","11"), 35|36|49|61 => Pixel_t'("01","01","00"), 18|34|62|63 => Pixel_t'("01","01","01"), 66 => Pixel_t'("01","01","10"), 19|20|21|22|23|24|25|26|27|28|29|30|31|32|33 => Pixel_t'("01","10","01"), 67|68|69|70|71|72|73|74|75|76|77|78|79|80|81|82|83|84|85|86|87|88|89|90|91|92|93|94|95|96|97|98|99 => Pixel_t'("11","11","11")),
92 => (19 => Pixel_t'("00","00","01"), 18|63|66 => Pixel_t'("00","00","10"), 17 => Pixel_t'("00","00","11"), 20 => Pixel_t'("00","01","01"), 0|1|2|3|4|5|6|7|8|9|10|11|12|13|14|15|16|64|65 => Pixel_t'("00","01","11"), 21|22|47|48|49|50|51|62 => Pixel_t'("01","01","01"), 67 => Pixel_t'("01","01","10"), 23|24|25|26|27|28|29|30|31|32|33|34|35|36|37|38|39|40|41|42|43|44|45|46|52|53|54|55|56|57|58|59|60|61 => Pixel_t'("01","10","01"), 68|69|70|71|72|73|74|75|76|77|78|79|80|81|82|83|84|85|86|87|88|89|90|91|92|93|94|95|96|97|98|99 => Pixel_t'("11","11","11")),
93 => (23 => Pixel_t'("00","00","01"), 21|22|62|67 => Pixel_t'("00","00","10"), 20|63 => Pixel_t'("00","00","11"), 24|25|61 => Pixel_t'("00","01","01"), 0|1|2|3|4|5|6|7|8|9|10|11|12|13|14|15|16|17|18|19|64|65|66 => Pixel_t'("00","01","11"), 26|27|28|60 => Pixel_t'("01","01","01"), 68 => Pixel_t'("01","01","10"), 29|30|31|32|33|34|35|36|37|38|39|40|41|42|43|44|45|46|47|48|49|50|51|52|53|54|55|56|57|58|59 => Pixel_t'("01","10","01"), 69 => Pixel_t'("10","10","11"), 70|71|72|73|74|75|76|77|78|79|80|81|82|83|84|85|86|87|88|89|90|91|92|93|94|95|96|97|98|99 => Pixel_t'("11","11","11")),
94 => (31 => Pixel_t'("00","00","01"), 25|26|27|28|29|30|59|60|69 => Pixel_t'("00","00","10"), 24|61|68 => Pixel_t'("00","00","11"), 32|33|58 => Pixel_t'("00","01","01"), 0|1|2|3|4|5|6|7|8|9|10|11|12|13|14|15|16|17|18|19|20|21|22|23|62|63|64|65|66|67 => Pixel_t'("00","01","11"), 34|35|36|37|38|39|54|55|56|57 => Pixel_t'("01","01","01"), 40|41|42|43|44|45|46|47|48|49|50|51|52|53 => Pixel_t'("01","10","01"), 70 => Pixel_t'("10","10","10"), 71|72|73|74|75|76|77|78|79|80|81|82|83|84|85|86|87|88|89|90|91|92|93|94|95|96|97|98|99 => Pixel_t'("11","11","11")),
95 => (43|44|51 => Pixel_t'("00","00","01"), 34|35|36|37|38|39|40|41|42|52|53|54|55|56|70 => Pixel_t'("00","00","10"), 32|33|57|58 => Pixel_t'("00","00","11"), 45|48|49|50 => Pixel_t'("00","01","01"), 46|47 => Pixel_t'("00","01","10"), 0|1|2|3|4|5|6|7|8|9|10|11|12|13|14|15|16|17|18|19|20|21|22|23|24|25|26|27|28|29|30|31|59|60|61|62|63|64|65|66|67|68|69 => Pixel_t'("00","01","11"), 71 => Pixel_t'("01","01","10"), 72|73|74|75|76|77|78|79|80|81|82|83|84|85|86|87|88|89|90|91|92|93|94|95|96|97|98|99 => Pixel_t'("11","11","11")),
96 => (71|72 => Pixel_t'("00","00","10"), 0|1|2|3|4|5|6|7|8|9|10|11|12|13|14|15|16|17|18|19|20|21|22|23|24|25|26|27|28|29|30|31|32|33|34|35|36|37|38|39|40|41|42|43|44|45|46|47|48|49|50|51|52|53|54|55|56|57|58|59|60|61|62|63|64|65|66|67|68|69|70 => Pixel_t'("00","01","11"), 73 => Pixel_t'("10","10","11"), 74|75|76|77|78|79|80|81|82|83|84|85|86|87|88|89|90|91|92|93|94|95|96|97|98|99 => Pixel_t'("11","11","11")),
97 => (73 => Pixel_t'("00","00","10"), 72 => Pixel_t'("00","00","11"), 0|1|2|3|4|5|6|7|8|9|10|11|12|13|14|15|16|17|18|19|20|21|22|23|24|25|26|27|28|29|30|31|32|33|34|35|36|37|38|39|40|41|42|43|44|45|46|47|48|49|50|51|52|53|54|55|56|57|58|59|60|61|62|63|64|65|66|67|68|69|70|71 => Pixel_t'("00","01","11"), 74 => Pixel_t'("10","10","11"), 75|76|77|78|79|80|81|82|83|84|85|86|87|88|89|90|91|92|93|94|95|96|97|98|99 => Pixel_t'("11","11","11")),
98 => (74 => Pixel_t'("00","00","10"), 73 => Pixel_t'("00","00","11"), 0|1|2|3|4|5|6|7|8|9|10|11|12|13|14|15|16|17|18|19|20|21|22|23|24|25|26|27|28|29|30|31|32|33|34|35|36|37|38|39|40|41|42|43|44|45|46|47|48|49|50|51|52|53|54|55|56|57|58|59|60|61|62|63|64|65|66|67|68|69|70|71|72 => Pixel_t'("00","01","11"), 75 => Pixel_t'("10","10","11"), 76|77|78|79|80|81|82|83|84|85|86|87|88|89|90|91|92|93|94|95|96|97|98|99 => Pixel_t'("11","11","11")),
99 => (75 => Pixel_t'("00","00","10"), 74 => Pixel_t'("00","00","11"), 0|1|2|3|4|5|6|7|8|9|10|11|12|13|14|15|16|17|18|19|20|21|22|23|24|25|26|27|28|29|30|31|32|33|34|35|36|37|38|39|40|41|42|43|44|45|46|47|48|49|50|51|52|53|54|55|56|57|58|59|60|61|62|63|64|65|66|67|68|69|70|71|72|73 => Pixel_t'("00","01","11"), 76|77|78|79|80|81|82|83|84|85|86|87|88|89|90|91|92|93|94|95|96|97|98|99 => Pixel_t'("11","11","11")));